491	648	619	445	610	572	447	468	294	51130	477	576	553	604	371	601	533	358	528	625	323	335	371	337	540	505	764	604	569	371	660	449	578	420	851	516	558	496	529	585	673	569	574	642	345	624	658	394	582	694	496	593	459	593	501
558	723	543	399	431	471	565	536	606	518	466	455	494	589	436	498	51130	494	406	442	435	349	443	416	674	589	750	594	624	428	627	457	784	480	717	537	588	422	427	455	533	421	381	430	430	395	504	336	435	492	457	547	360	554	394
390	425	450	353	368	510	477	396	445	494	543	565	558	558	401	593	652	496	561	532	329	384	501	515	572	537	606	492	483	232	576	471	620	556	783	519	513	462	315	497	461	437	476	422	364	599	556	4	453	51130	474	614	465	573	567
333	493	490	373	324	530	458	360	440	557	414	477	507	431	363	586	404	430	488	493	385	346	307	383	486	424	536	554	51130	246	508	51130	417	514	697	463	456	387	447	547	346	391	470	380	331	502	526	335	409	395	393	613	51130	449	532
318	462	452	365	222	548	665	329	412	485	399	391	366	365	580	510	442	559	336	504	637	541	471	565	880	708	569	404	418	281	356	518	486	361	500	51130	347	314	310	394	297	317	298	172	364	468	381	51130	278	412	398	496	341	344	479
394	319	296	320	379	349	389	220	369	539	514	571	412	448	498	475	473	483	329	384	260	354	335	428	480	342	403	302	326	168	352	272	428	374	557	323	228	345	354	434	422	342	452	321	382	435	511	348	294	390	390	432	423	556	420
642	711	934	518	324	743	502	550	51130	603	51130	802	596	51130	642	1064	754	827	676	767	588	523	696	764	659	622	1107	781	686	501	706	742	868	862	976	574	611	517	487	619	580	524	418	431	554	715	528	2	619	629	540	782	538	508	274
1059	1179	1471	820	337	929	940	1867	653	702	667	734	567	644	1066	2017	1016	1163	701	1060	1850	1829	2166	1423	1689	1258	1745	746	779	1006	672	1176	1141	716	579	597	325	591	465	491	595	407	255	202	614	450	51130	432	551	421	509	750	536	583	622
487	633	498	671	821	545	518	905	1232	719	612	682	785	819	720	701	665	319	462	1166	562	492	604	450	786	535	611	569	10	352	652	534	478	330	767	518	695	461	544	616	624	736	623	793	505	523	748	494	759	713	483	627	574	393	586
381	300	291	380	305	337	325	292	426	455	502	446	278	363	526	468	425	423	305	51130	313	317	51130	433	449	327	326	319	252	165	413	266	437	395	494	294	305	332	433	429	276	375	496	360	374	466	491	297	272	355	383	461	362	51130	487
258	331	376	51130	235	372	594	269	350	546	480	416	309	401	51130	325	420	450	172	388	424	290	311	448	637	489	400	324	341	179	423	565	399	410	472	391	327	328	386	473	51130	296	345	202	399	425	375	291	295	286	475	521	351	358	419
537	527	403	534	604	556	431	650	776	710	517	626	630	672	678	559	552	275	398	615	390	378	423	459	638	408	532	405	2	233	444	372	390	341	613	412	442	350	449	553	473	463	447	526	437	412	637	392	442	554	451	529	374	380	562
473	483	427	411	51130	500	623	425	388	533	430	501	457	457	513	264	481	51130	309	535	354	51130	410	328	495	529	409	325	1	292	442	481	481	335	553	440	520	355	213	447	488	456	329	368	391	329	431	348	333	446	51130	485	394	513	51130
332	351	255	310	308	406	483	152	288	415	450	442	397	398	512	440	548	550	361	495	402	413	510	463	744	696	405	315	404	265	313	425	541	395	551	359	354	354	251	374	375	302	298	246	341	308	459	303	254	316	404	51130	439	513	414
272	300	332	309	264	308	504	232	338	360	485	412	293	385	456	384	425	390	305	411	456	297	392	420	698	580	377	291	320	178	362	495	460	411	536	371	290	289	312	382	398	295	343	192	336	343	403	265	196	307	505	423	321	386	366
352	363	387	562	364	426	449	491	638	543	613	549	479	499	618	475	470	490	315	418	425	438	414	514	51130	399	513	371	382	214	596	446	464	391	572	425	596	363	560	449	300	466	557	417	464	557	697	401	456	417	460	647	545	420	662
942	1200	1241	2134	1443	835	1679	2176	2755	1765	1420	1183	1576	1700	1879	1089	1518	36	679	832	875	825	818	899	1028	1317	1158	992	17	587	892	801	51130	385	797	763	735	800	911	927	861	946	813	1219	575	732	804	782	996	901	1069	809	668	472	781
621	736	769	686	895	512	713	911	1291	944	551	636	801	772	728	341	843	467	446	670	431	365	453	498	618	759	732	554	14	393	606	585	613	355	568	703	655	523	668	647	582	661	486	747	476	497	564	538	652	816	619	715	471	495	559
380	440	430	436	486	490	612	396	538	483	331	474	470	468	408	295	383	518	283	546	51130	351	397	51130	581	503	441	402	2	312	508	517	438	349	626	494	406	474	468	531	493	51130	432	402	400	389	469	380	461	480	396	553	445	407	502
600	750	643	516	672	497	473	868	936	623	418	622	684	651	466	564	775	466	555	650	350	181	394	492	578	518	736	648	5	432	782	568	612	452	814	610	694	574	589	708	592	611	561	733	484	563	593	8	727	698	497	765	519	595	580
560	647	628	414	493	559	613	584	628	522	496	555	524	682	463	606	620	730	353	687	564	350	633	481	706	642	752	594	7	492	600	746	564	461	623	503	633	512	411	51130	475	460	414	400	495	436	488	298	493	602	450	636	435	337	449
337	505	454	364	246	540	504	460	461	536	472	431	359	366	542	556	648	565	334	492	631	468	746	506	802	702	638	461	478	365	413	679	611	414	481	369	381	362	377	394	332	348	291	213	379	320	394	226	323	421	461	449	375	229	448
478	694	419	492	505	481	280	633	633	673	446	479	642	567	603	710	715	296	395	491	349	494	495	452	526	399	486	445	486	244	571	293	438	394	722	472	388	51130	571	509	443	614	502	590	336	500	587	415	496	543	455	450	456	501	540
364	518	432	366	333	474	514	397	435	489	316	499	467	437	500	448	554	576	347	479	298	275	375	348	560	498	476	377	417	235	461	196	494	404	581	390	439	411	369	431	446	354	443	306	345	327	491	311	306	386	427	436	388	442	469
292	335	395	340	359	449	436	407	453	490	506	457	363	454	373	532	629	469	462	416	305	347	330	468	410	406	627	465	404	248	558	412	523	444	738	390	423	384	458	537	389	437	404	381	458	542	503	6	473	456	389	601	467	432	584
573	714	492	719	697	591	411	853	883	749	590	644	819	685	523	756	840	306	51130	660	552	533	503	619	678	547	675	554	664	340	711	445	517	394	735	634	685	521	597	702	474	654	604	752	516	683	788	480	723	708	737	670	471	432	672
51130	537	386	490	490	508	525	529	630	605	420	456	399	528	452	316	624	616	291	528	341	307	341	409	605	565	511	556	493	297	539	370	535	399	612	539	513	420	459	571	484	475	495	362	458	427	563	364	51130	434	571	612	423	335	565
461	462	408	309	343	515	462	288	305	333	351	205	399	487	380	561	445	434	402	552	235	292	354	399	390	444	491	371	325	185	334	205	542	524	715	360	370	395	395	543	508	360	389	51130	461	488	514	307	314	331	353	495	395	560	438
459	533	470	380	316	51130	51130	51130	469	453	380	436	51130	518	537	711	707	690	371	673	763	662	783	652	983	887	640	51130	618	395	396	637	630	518	606	401	450	413	270	430	497	324	51130	203	403	364	467	278	339	458	502	577	363	582	423
484	532	458	381	316	525	631	391	434	518	539	431	445	575	515	686	790	735	405	568	699	664	948	745	983	893	642	495	673	419	470	760	653	528	724	451	472	469	325	432	451	329	370	271	424	372	473	278	399	437	405	609	441	512	493
291	383	282	414	319	396	395	358	492	556	476	486	519	444	663	508	501	471	410	408	355	387	382	417	552	398	357	431	384	180	51130	366	408	424	623	359	364	375	51130	499	417	438	469	356	378	483	582	362	352	457	425	448	478	449	464
236	341	328	358	246	323	382	242	323	458	395	420	303	358	397	390	400	370	222	419	401	367	369	394	756	495	431	307	374	232	396	503	383	360	497	309	318	313	281	379	368	286	330	201	312	310	368	260	275	295	380	494	374	498	405
